36.738068201043816    38.22608424067257    26.279975120046096
36.73965826135703    38.22652149468376    26.282687096075474
36.74424938642942    38.220941207229615    26.289211464720324
36.74012836516531    38.22487024105914    26.28208629576611
36.74200048076547    38.21822940440731    26.285174509181974
36.72851484709065    38.21274378155777    26.286182697273947
36.73647403421609    38.223435876280455    26.278209034795733
36.735943760680335    38.21798135221324    26.287224497583246
36.72819900212656    38.22355951749453    26.29100710187491
36.73328985868945    38.22804795998439    26.28180188652584
36.73469401411183    38.223342275855174    26.295579347186894
36.73772218287254    38.23144700637899    26.281804100714922
36.737816875314216    38.21215080823491    26.2857128627485
36.733945681229535    38.22533753257288    26.28965415290904
36.73584982427994    38.22468323854609    26.295577233519886
36.74412316740777    38.21835453721227    26.28404176241996
36.74059896945684    38.22833064276034    26.28205666731065
36.73863212603908    38.22945155267724    26.28268683819805
36.74196974250935    38.21638900599249    26.29204811695306
36.74459146839357    38.23007585095672    26.288895886719065
36.74081563038863    38.214863139957274    26.285775191184662
36.73644606978534    38.22119054436478    26.282118977382176
36.73968930775175    38.22907844519603    26.29097648327829
36.734509716412155    38.23169679064361    26.29374887106104
36.731263912236635    38.21660832862928    26.286719812294297
36.73943953121983    38.221347020297536    26.288642993040575
36.73394568412918    38.22359063135497    26.28860968258226
36.73135330871839    38.208781851343296    26.288957140923802
36.73107102725692    38.21850847670594    26.28599710748079
36.742185578774446    38.230199276628426    26.288925698433882
36.73922083452554    38.21264829267327    26.28546208447675
36.73251016934082    38.22477567987613    26.286025110767127
36.74103146955348    38.2226880680454    26.284607486564553
36.746462664411354    38.21504959423921    26.277861787743724
36.73741183355881    38.225648860815646    26.292045812487636
36.7405931701141    38.21854101314507    26.28268650956854
36.739533747148684    38.2205347138988    26.28268467214345
36.738316068238916    38.21177634950688    26.289212507828697
36.739408843804455    38.22502540092771    26.286877443262867
36.74343552909337    38.22003722694741    26.28533037425055
36.73987774656871    38.22907891977553    26.2851760423349
36.747274165667804    38.2231872851342    26.281801602938035
36.74474845698807    38.23057389851134    26.292361892905202
36.750614993620715    38.22349673844939    26.280731759520275
36.73728945814811    38.21816611849972    26.288422201430304
36.749024833558806    38.23312829035377    26.289117362651915
36.742748591146324    38.22365226367664    26.2922679994198
36.738191575488074    38.22337258090073    26.28151628764701
36.74487002629033    38.21844871911829    26.2951995847668
36.741845063019404    38.22674171583198    26.291890887685724
36.7335726932148    38.22898395921124    26.294823186158634
36.739348085250406    38.22256205741338    26.298101679296014
36.749710368644806    38.22518120220355    26.289933959790922
36.74574660603127    38.22075337715044    26.285901587086425
36.750553812294704    38.23431481403419    26.292929600231737
36.74886504658796    38.21663897757561    26.28647021650848
36.742279473226425    38.21960003131638    26.289556572201494
36.7489284896578    38.22636409066283    26.288108020104055
36.74296899922678    38.223838686448694    26.294128492557107
36.74415222288812    38.22898553392599    26.280508732070007
36.745463221341666    38.22315419505103    26.286183503189246
36.7483684032475    38.22611655635013    26.291575329595567
36.742873873961024    38.22162660235839    26.28249726348313
36.749428170114015    38.21383475140139    26.293719099361805
36.75751507287836    38.21346112062615    26.29059782563275
36.750769885559606    38.21900854919763    26.297626947032313
36.743715366518394    38.226614988014674    26.280005794316295
36.7480243738643    38.22895403614903    26.28318825265771
36.74761284341779    38.224961934467316    26.293306889618886
36.75545176995933    38.221813909143506    26.293530011791745
36.74140702087771    38.22399464933296    26.28899238894221
36.74727469882076    38.21985088227319    26.29343417030706
36.74936391977588    38.223124423158644    26.28823303518237
36.74933719659759    38.23194527778836    26.288074857915653
36.75002008583033    38.216918529673144    26.285773738449336
36.74540048869144    38.22377686990125    26.285239815773878
36.739938653199346    38.22044196114418    26.289682439783228
36.734976691668265    38.22218887956683    26.28823672955699
36.74521589754504    38.22598973091036    26.28627759230581
36.73787824376573    38.23300599652016    26.29674405006733
36.74097013957081    38.22165763232147    26.2916702890002
36.748336554223876    38.22960912758532    26.295797390875332
36.75246032920943    38.22140984593063    26.290092197370612
36.74196782911275    38.21991311521344    26.28586906862515
36.73891035530637    38.22249903479595    26.287321587279703
36.74225016586126    38.222562062246254    26.294947966363534
36.74043849526387    38.2193827976028    26.287825057026488
36.740656878987075    38.22558344944889    26.28492305296701
36.736254516528156    38.21935068393568    26.287854665570915
36.74964651014881    38.21776187338095    26.282401755074083
36.742594432630874    38.22708175874718    26.283441490624032
36.74115492789477    38.220504369224656    26.29346694007316
36.7488339891746    38.22546178503747    26.28961967330347
36.736475707133096    38.22343585520951    26.288518168373887
36.73828418538577    38.22627218673865    26.281517615503247
36.73909458206078    38.22374884689718    26.286436162574578
36.74022019640431    38.21701379972917    26.280920300985507
36.739407488111304    38.226146988014484    26.286281496230075
36.7429376833559    38.224371085250105    26.293654646819686
36.734259241832575    38.22455710226157    26.289998106320954
