37.3485964591835    38.51333135071853    26.93863031519325
37.351157734315734    38.50784920294823    26.934504103552992
37.36420889040043    38.51564568934289    26.925574539683105
37.359025001133695    38.50485920975101    26.924708697279417
37.350852641345234    38.505347699169064    26.922185246032274
37.35079156386972    38.50979397694681    26.92040255668987
37.34505837301559    38.49761132917652    26.929948951247617
37.3490821250942    38.50522702607754    26.932038538927134
37.34865849886601    38.508946433485015    26.91516284202627
37.34444805479954    38.50882071542002    26.921569266440418
37.33962710619774    38.51869241534435    26.924894122449484
37.349938589568964    38.51028440438449    26.917012040060975
37.34255331783809    38.51180945880628    26.920891446712456
37.355059955782046    38.50681039455819    26.926991002268064
37.35762083144362    38.51497668896504    26.91910465457347
37.355610073695836    38.50528773960728    26.921753464097225
37.34456918367326    38.51930217195809    26.930068043462363
37.361830351851694    38.5077859656089    26.920278682540186
37.35634097959166    38.51101500226801    26.92797550869289
37.35170412244878    38.506140374150135    26.94251002758934
37.352255967498    38.51656055404437    26.919473907029918
37.352925121692905    38.51162351927488    26.931857821618063
37.3615909788358    38.509064699924856    26.930005228269568
37.3567653212394    38.50662768972075    26.937459452003495
37.34530467876016    38.51259747656893    26.91577546523102
37.34475192894909    38.51247719538966    26.915038783447194
37.34865642214645    38.49797651738527    26.920892088058004
37.360183627739794    38.50205951209421    26.925204647014844
37.35756029780781    38.50924933560141    26.935612751701157
37.34822690098239    38.509673953137344    26.930933954649028
37.34651946863165    38.51089412207152    26.937154302721613
37.3379825260769    38.50644693877597    26.921570799320257
37.353658480347534    38.50882298148201    26.92347867535954
37.34060541458785    38.50638513492102    26.933148532502386
37.343957465230325    38.525089914210604    26.928407495087484
37.34237162773983    38.51704812131567    26.920954972033798
37.360547602418634    38.498768510582465    26.92335385941089
37.35890596371856    38.51454955177671    26.91627185374201
37.355731026076924    38.51344995464896    26.924707509448737
37.35841404157201    38.51369613643288    26.92649763189771
37.36341587679497    38.510712763038995    26.93388585978885
37.370614438775284    38.5214970498871    26.9209526394563
37.36073484996195    38.517839119048084    26.923294595616603
37.37354351738448    38.51144170483794    26.940725313303542
37.358536993197056    38.49876937074873    26.927732839758693
37.356035553665734    38.52947780876843    26.928225136810806
37.36121860884338    38.51113702607755    26.92581922940341
37.36183021655304    38.51418474716591    26.92551267913885
37.37311334240347    38.5104057369619    26.91959887981911
37.36658807067261    38.514791645880976    26.93456259486069
37.36134289266794    38.50699556122488    26.92446423733989
37.36201436054405    38.5169864176121    26.9293294682545
37.34841241383195    38.519850433484976    26.921938715797953
37.36786674489783    38.52143357974344    26.92027496031798
37.36701341383217    38.504921150038186    26.925692383976287
37.37042941232038    38.50815087528387    26.92052334580554
37.366526989039926    38.50802989606997    26.916643316704935
37.36762458616761    38.514552340892465    26.93123888019704
37.37012015570662    38.51649641005333    26.930748409675513
37.36189151776241    38.49876820861723    26.930742090325474
37.36774639984869    38.50815024036326    26.933888175359584
37.35774348639431    38.5122951575968    26.922923559713205
37.363841147770046    38.49547874943361    26.924832152683813
37.36030857142831    38.517838998110804    26.93025133446761
37.35383885222959    38.50571428458098    26.92039949735503
37.35926919727877    38.50937190098311    26.943065125472945
37.36756354497333    38.51985108238893    26.925325793273366
37.36103831330293    38.51503711678053    26.93431792554855
37.36493960090688    38.51083388548795    26.935794820484247
37.36835741232041    38.504678437642184    26.938321470522016
37.368844559334605    38.51211143272914    26.938690089947567
37.3711612622825    38.52569804535199    26.92834522486827
37.37537458125449    38.514913522676196    26.927050464097277
37.35316864323484    38.51942252192033    26.936290384732168
37.348229973544775    38.50833683484553    26.923910205215876
37.34121629327268    38.52143347392339    26.933456729403414
37.354813966364155    38.51869225132319    26.933025356765416
37.35164380083121    38.51570647127787    26.932040354497893
37.35463352040803    38.524298881330765    26.92981641307684
37.36476079251674    38.51186961715842    26.936781375661855
37.3499371681782    38.516863212396544    26.917316873772243
37.35908383862415    38.51272389795961    26.92587847316758
37.355607315948326    38.50169175661424    26.931545030990677
37.361220375283295    38.50473858352266    26.93123777966791
37.35585125510182    38.5071146632657    26.924277808390556
37.345238818594005    38.50479967800495    26.9252038446717
37.3660972018139    38.49322466969049    26.931792567271852
37.355059421768544    38.50973656046905    26.929946320862218
37.34603285600883    38.51332970370409    26.914304333711854
37.34749497581242    38.51558837603983    26.93493605593394
37.35798693461816    38.51229328193556    26.93893536470194
37.34139787150398    38.513575438020155    26.924646626984625
37.3553040710504    38.50693228306924    26.926623474301312
37.356768283446456    38.5111365876799    26.92914408579035
37.34792252267557    38.514793299698034    26.933332707483526
37.35383891572171    38.51954751285011    26.926250976568824
37.35554650491294    38.508761316326954    26.92766856991737
37.35042707974285    38.517840655707175    26.926435321618104
37.35024101625078    38.514854010204495    26.93326879743058
37.356707859410285    38.51619574111917    26.91978575510259
37.35561006916085    38.526186823885574    26.934750053666427
37.35853461111093    38.51369789153489    26.924157652683796
37.33877661791362    38.514427700302626    26.92501479062785
37.344568648525794    38.50772544444486    26.925880063870554
37.340054110732964    38.50937263378731    26.93364232388562
37.34420367422505    38.49669715495129    26.924525291383777
37.342741198790364    38.51789997241163    26.92286189455834
37.33651938133014    38.5007773616784    26.93499790136106
37.3520104656083    38.50839824943353    26.91947794104361
37.35152256689312    38.514244673847756    26.927300429705795
37.34249522222203    38.50693388851147    26.93098888095289
37.3485948378682    38.51400016515547    26.93672207823179
37.34725145729384    38.51582901398386    26.932777936130528
37.35060696220693    38.51241532993249    26.93795083938069
37.35518338359762    38.52204239795961    26.919904084278677
37.34694829931947    38.49462588511009    26.91620992630435
37.34572997241098    38.51942620786143    26.935551094104863
37.33743127815549    38.52222699546527    26.930068191610395
37.33938511375643    38.526673975813004    26.919537603553042
37.345547655328616    38.510772398337515    26.926373655329336
37.35182560128481    38.49749051285002    26.935858369237085
37.35597693650771    38.521129574074614    26.925387422147136
37.362318617157776    38.50961296636473    26.921814133787354
37.35530761866949    38.510408571807    26.91935078609276
37.353349977702074    38.50163186621356    26.922306062358807
37.349876311791235    38.51412288926721    26.936659537037567
37.34847444633391    38.50705467913873    26.91220701625148
37.364699670445766    38.503885937642195    26.92397421164072
37.35195029969749    38.49681783597928    26.927971872260535
37.36805471277386    38.50522863794452    26.915222676871284
37.356462060846304    38.51010130536706    26.928591716175887
37.34737276077073    38.50449678155748    26.931176915344427
37.34700777815558    38.503277504535625    26.920705269463845
37.36561101814045    38.50242435563159    26.917011610355775
37.366040821995256    38.516863847695085    26.93431772864751
37.362683263794224    38.51765726946376    26.922061426682298
37.35402299999988    38.50571526984173    26.930868957672438
37.37048948034754    38.51186870332628    26.937522734694376
37.36945810430827    38.51010214436929    26.91873759523862
37.35853672373365    38.50577419274405    26.91732065495143
37.36555584958415    38.512417787226475    26.924648058957384
37.36145993348436    38.51960811111155    26.932840269085947
37.36292949470886    38.518330243764595    26.929144849584876
37.36848125547985    38.516621392668625    26.93831926757417
37.36854108541184    38.511013919879446    26.920399120181905
37.35298244217676    38.5060195600911    26.91793596636487
37.365550965230426    38.51259828042375    26.930747862056478
37.363051677248606    38.51485680158773    26.939985465608988
37.35414577891144    38.5164374625855    26.92052299244194
37.36975840627354    38.51808355933524    26.93450553250235
37.369823133408744    38.51400042668214    26.93290118631946
37.37598080952368    38.511381982993626    26.925880399849376
37.372683987528134    38.5133317607715    26.936970728269543
37.36408590211627    38.517415133031484    26.92520350000052
37.365310392290034    38.514365832955924    26.91990609108139
37.36561012282679    38.5121725328802    26.926122124339095
37.36738210808741    38.51650081368152    26.94780966364378
37.3512776379439    38.51247821012905    26.927970340892355
37.36494138775493    38.524419759637595    26.9263726171585
37.36243971239594    38.50735873620603    26.925140988662616
37.36426931594838    38.50930864285758    26.92969843877604
37.352865846938634    38.50467969614553    26.921875856765425
37.3559143155705    38.50815047089986    26.926065395314154
37.37280868669678    38.51692557558631    26.927111483749538
37.36591932955393    38.51735337150461    26.922490582011083
37.367075585033895    38.509613755102585    26.923539693500068
37.368050497732256    38.518266699924894    26.927359036659634
37.365065337868266    38.50742076606245    26.92643484807305
37.37219870408136    38.507602779289904    26.932472281557555
37.3645743533634    38.50602060544269    26.93745789493623
37.35969396825377    38.498586511716205    26.931115124339122
37.35127564814794    38.51497460128521    26.924648135677028
37.36335465343899    38.50894356273668    26.93973775396878
37.3611581942553    38.50912450037836    26.924652002646017
37.36329632879801    38.507238237339834    26.92292244368911
37.363355303476744    38.50193665419543    26.940414739229517
37.36652395086909    38.517169385487875    26.917748228269588
37.36872294633391    38.51119764285754    26.935980541950578
37.36420847845791    38.50626492101331    26.924524315193292
37.36085218669675    38.51052871201851    26.937890862812313
37.36116034958407    38.509369726001935    26.94189479629679
37.3574380937262    38.51662069879105    26.91953570143666
37.359820372637756    38.515950712018544    26.93678258541239
37.371101710128286    38.511381077475946    26.927485811414012
37.36756386961427    38.51454908692415    26.93770525510251
37.354265560468335    38.514425706727536    26.941770817460792
37.36359906160226    38.51004012207153    26.928590313303644
37.36189271466351    38.51796237339431    26.941217102797186
37.36042729100516    38.51728826303896    26.935119308012645
37.34664348752818    38.52271433106621    26.936289533636188
37.3678685079364    38.52533415873067    26.927542266440476
37.35951370483729    38.517048231293025    26.935917603553026
37.36610000944807    38.51095484391581    26.934810522298363
37.35945073809509    38.5094326205598    26.929821847695116
37.354387921768634    38.51960961715849    26.91288316402166
37.35298384580482    38.50492062811836    26.933458445200852
37.3490208741496    38.50797078987191    26.925446526077618
37.344753040060276    38.50486227210926    26.941462827664942
37.34432689153414    38.5141841095999    26.934011078231823
37.350606427815364    38.51138107634212    26.930564707861432
