37.3485964591835
37.351157734315734
37.36420889040043
37.359025001133695
37.350852641345234
37.35079156386972
37.34505837301559
37.3490821250942
37.34865849886601
37.34444805479954
37.33962710619774
37.349938589568964
37.34255331783809
37.355059955782046
37.35762083144362
37.355610073695836
37.34456918367326
37.361830351851694
37.35634097959166
37.35170412244878
37.352255967498
37.352925121692905
37.3615909788358
37.3567653212394
37.34530467876016
37.34475192894909
37.34865642214645
37.360183627739794
37.35756029780781
37.34822690098239
37.34651946863165
37.3379825260769
37.353658480347534
37.34060541458785
37.343957465230325
37.34237162773983
37.360547602418634
37.35890596371856
37.355731026076924
37.35841404157201
37.36341587679497
37.370614438775284
37.36073484996195
37.37354351738448
37.358536993197056
37.356035553665734
37.36121860884338
37.36183021655304
37.37311334240347
37.36658807067261
37.36134289266794
37.36201436054405
37.34841241383195
37.36786674489783
37.36701341383217
37.37042941232038
37.366526989039926
37.36762458616761
37.37012015570662
37.36189151776241
37.36774639984869
37.35774348639431
37.363841147770046
37.36030857142831
37.35383885222959
37.35926919727877
37.36756354497333
37.36103831330293
37.36493960090688
37.36835741232041
37.368844559334605
37.3711612622825
37.37537458125449
37.35316864323484
37.348229973544775
37.34121629327268
37.354813966364155
37.35164380083121
37.35463352040803
37.36476079251674
37.3499371681782
37.35908383862415
37.355607315948326
37.361220375283295
37.35585125510182
37.345238818594005
37.3660972018139
37.355059421768544
37.34603285600883
37.34749497581242
37.35798693461816
37.34139787150398
37.3553040710504
37.356768283446456
37.34792252267557
37.35383891572171
37.35554650491294
37.35042707974285
37.35024101625078
37.356707859410285
37.35561006916085
37.35853461111093
37.33877661791362
37.344568648525794
37.340054110732964
37.34420367422505
37.342741198790364
37.33651938133014
37.3520104656083
37.35152256689312
37.34249522222203
37.3485948378682
37.34725145729384
37.35060696220693
37.35518338359762
37.34694829931947
37.34572997241098
37.33743127815549
37.33938511375643
37.345547655328616
37.35182560128481
37.35597693650771
37.362318617157776
37.35530761866949
37.353349977702074
37.349876311791235
37.34847444633391
37.364699670445766
37.35195029969749
37.36805471277386
37.356462060846304
37.34737276077073
37.34700777815558
37.36561101814045
37.366040821995256
37.362683263794224
37.35402299999988
37.37048948034754
37.36945810430827
37.35853672373365
37.36555584958415
37.36145993348436
37.36292949470886
37.36848125547985
37.36854108541184
37.35298244217676
37.365550965230426
37.363051677248606
37.35414577891144
37.36975840627354
37.369823133408744
37.37598080952368
37.372683987528134
37.36408590211627
37.365310392290034
37.36561012282679
37.36738210808741
37.3512776379439
37.36494138775493
37.36243971239594
37.36426931594838
37.352865846938634
37.3559143155705
37.37280868669678
37.36591932955393
37.367075585033895
37.368050497732256
37.365065337868266
37.37219870408136
37.3645743533634
37.35969396825377
37.35127564814794
37.36335465343899
37.3611581942553
37.36329632879801
37.363355303476744
37.36652395086909
37.36872294633391
37.36420847845791
37.36085218669675
37.36116034958407
37.3574380937262
37.359820372637756
37.371101710128286
37.36756386961427
37.354265560468335
37.36359906160226
37.36189271466351
37.36042729100516
37.34664348752818
37.3678685079364
37.35951370483729
37.36610000944807
37.35945073809509
37.354387921768634
37.35298384580482
37.3490208741496
37.344753040060276
37.34432689153414
37.350606427815364
