37.019041274532455    38.244856720404805    26.412618394081264
37.01071157145607    38.24554732223479    26.40258671573244
37.0135073923284    38.25160712305273    26.415062894665375
37.01765818730502    38.252893023559    26.407473147391297
37.01250184637819    38.25367870073957    26.408964990070384
37.00423712402619    38.24557871709463    26.41198177998482
37.01341284813068    38.24284774591103    26.398935149532964
37.01096258430664    38.24206255587981    26.407250235592244
37.01357132048255    38.244889647780084    26.41223576362964
37.00920368866795    38.24316278952466    26.403981544198057
37.00882656016329    38.241215736370535    26.405060686526767
37.01344572702459    38.24341299279569    26.413347639408467
37.00583886935328    38.24746373987505    26.402651567173116
37.018570309968595    38.24334924688446    26.409886478582898
37.01187292581749    38.24718266296711    26.41096803271057
37.016841062110345    38.24736765147954    26.413378877336843
37.014734256424916    38.260146824376676    26.407347607282215
37.01146551654962    38.24080570599675    26.41157142737573
37.01479628543587    38.25085422585637    26.40347648072461
37.01504911915851    38.24598829010886    26.41014072955639
37.009610942951525    38.248750338395425    26.409249440810306
37.009767485007536    38.246427180101016    26.40712412908907
37.01448273987517    38.24375978485182    26.4072518734427
37.014454254088484    38.24545361799049    26.41201480821683
37.01539449902621    38.24937892094996    26.411569810747928
37.01517231483616    38.24416630918967    26.40068029945516
37.02319053816182    38.24165459209471    26.405251656153037
37.0057451592677    38.24435474785801    26.407442114096877
37.009800786214626    38.244355207943684    26.409062551402155
37.00590322799823    38.24441710611336    26.40341216063116
37.00483462616797    38.24338147059937    26.40779124844268
37.010617159851726    38.24906359053705    26.40423896651111
37.01077457710258    38.25120023851203    26.408331052375697
37.018191793613504    38.25430762597329    26.41223742698628
37.007663841510656    38.24856277219605    26.40880619626197
37.01602363103561    38.244197756814344    26.400775763824306
37.01529947293588    38.246961058410996    26.40693459676818
37.008604242016915    38.245234449960854    26.410107796923995
37.01039709073188    38.242720109812865    26.412807136293107
37.01749907612912    38.23578324552159    26.408079879478436
37.017280082164916    38.2434128000388    26.403410096184153
37.02391061487513    38.24356787597331    26.407157544198142
37.01505038492964    38.24702229711814    26.409061956581365
37.02249791744525    38.23879506191563    26.412871054517428
37.022561673286255    38.25085463181427    26.41042546320133
37.027811276284815    38.24978623929102    26.40617266744584
37.01350751616013    38.246835176401596    26.404775000584443
37.026238324571295    38.240807136487255    26.404426593263516
37.02324974221157    38.244730993574514    26.415918624026723
37.02073722702468    38.240932795949945    26.409346933022082
37.017092623247386    38.25135569295134    26.407695983255824
37.022151939641425    38.24338184540473    26.42519105023405
37.02733798267095    38.25195267815387    26.41540920794434
37.025893930100956    38.241372532710166    26.40617142542863
37.020266221572975    38.2512631298675    26.405061357866355
37.01844269898725    38.24878267406522    26.409572334501842
37.02375417075506    38.248405112149214    26.412045229556465
37.025987970599466    38.2503190973518    26.415917982087525
37.012156695287906    38.24658431989853    26.407602810942713
37.0246350621103    38.24740022955582    26.40833246183832
37.01728084618359    38.23845281619913    26.402775807438054
37.01602332476601    38.24768325272558    26.416461047118695
37.022403884345565    38.2442926378501    26.410934834891393
37.02067506113679    38.24774571183774    26.41048967192401
37.01596113356679    38.24749378095773    26.409824126557975
37.025767413356334    38.24718037499981    26.41109514855958
37.01621203971944    38.24335157223495    26.409664995132626
37.016776553738026    38.243570243379764    26.410204617406883
37.02167836818508    38.24878272644048    26.40614279439287
37.01718649182223    38.25556390634705    26.40334592990685
37.01731347819297    38.25085474435325    26.40969884092707
37.01872838999193    38.24755720482851    26.407854345210627
37.02205866802924    38.24514062246855    26.416363714369506
37.01995298929111    38.25226811390161    26.410840843653002
37.0138854990262    38.253930870521366    26.407124395054772
37.01919783742186    38.241090146806634    26.39817311760152
37.019165312694426    38.25188903796703    26.40388801421366
37.01596166978164    38.25729085475042    26.40776335689292
37.01602362967268    38.252706726440444    26.40553914661242
37.01485887714144    38.2432887398751    26.404141450740187
37.01727954302935    38.241561170755325    26.409568769470766
37.025450812499855    38.247903122468635    26.408299057632657
37.02498248189221    38.25273838512426    26.407443099494056
37.02661363531904    38.24777751869139    26.417889014019146
37.01438816140944    38.24645886370696    26.414551985202824
37.017594912188116    38.24485705860558    26.41020439018724
37.017469561136814    38.25098044684557    26.40848968380095
37.02098944918206    38.247211987538634    26.413159241628055
37.00895034365244    38.24130988006203    26.40258449610626
37.009234336253584    38.24539235280349    26.403951841511194
37.01046036565384    38.24881280081758    26.40979408391782
37.01850634559929    38.24984975525682    26.412236431464493
37.018945469041796    38.24605021904188    26.413157758761972
37.01284921495305    38.249598802375225    26.415031608839918
37.016242719820625    38.248877051596466    26.412012537772906
37.01316156113676    38.24218778952479    26.416584788357092
37.011591816393846    38.25054078368354    26.41233232067785
37.018536177180465    38.24881350116805    26.404491454439526
37.01347904439213    38.239238356697555    26.41433282204075
37.01259680880031    38.25101137285798    26.40785469003143
