37.07720510360947    38.23948586874493    26.988387445080377
37.07137717276008    38.243911457242106    26.990877788134053
37.07730163497784    38.24402943372442    26.989096662450265
37.07611830962404    38.239627521590535    26.990879107845174
37.080633123236964    38.248098936107745    26.988879369831576
37.07807641164973    38.24167888637393    26.990563487594148
37.082228189092916    38.24544790593124    26.987354122635374
37.07958695798402    38.24530781802958    26.991323320238262
37.07950760410042    38.243933139633874    26.98995879051726
37.07800241147465    38.24149835349897    26.988661349398406
37.07927037446363    38.24289932700243    26.98613673976705
37.07844223770472    38.244510760761    26.98534905734038
37.07604486903079    38.244148502594975    26.984687068380676
37.076559366227244    38.244459723399125    26.98410433947949
37.07447231719411    38.2435434664949    26.98954702292302
37.07417780801207    38.244103244077955    26.985755052784004
37.07108884589885    38.24133387445788    26.98812436899052
37.068463399628364    38.24643154787694    26.983235673350354
37.0705108548014    38.2441653663266    26.986206667707552
37.07172295644162    38.24443701230286    26.991792191925807
37.071150621238615    38.24747183636006    26.986017436809117
37.0726898566236    38.24352115414354    26.98954713293975
37.07016604087313    38.2457819714368    26.987096590530857
37.072367978557445    38.24601370394749    26.990609927766645
37.073464950448695    38.243492828158736    26.988268372249852
