35.768944651109585    37.93400477783015    25.684216844573903
35.77554491248652    37.936037263944414    25.68600730478398
35.77154567864743    37.929411680513965    25.684713666044118
35.77554513162287    37.923386703617716    25.675077411201706
35.760875110152654    37.93626503500643    25.681054823337018
35.772906184131706    37.930354264411264    25.66780869381537
35.76656695846071    37.931559464644565    25.678734843873798
35.76717371575371    37.9262497124859    25.670586838972913
35.75574440630207    37.930127005368085    25.67199559953301
35.76486942240474    37.935208469078596    25.677744053208674
35.77109506417845    37.933026269778715    25.679952425203908
35.764081134890155    37.926851218670315    25.676676923220413
35.75578073325658    37.92926179790012    25.67949790315034
35.766720745858606    37.933140536523275    25.680788789964726
35.75925260326829    37.92583568074735    25.687339965460644
35.76030676079444    37.923011575029655    25.685665063943702
35.766686566395386    37.92248659043228    25.681362477712653
35.75759439229959    37.93385599323273    25.67549822217017
35.75921319323318    37.928546248075214    25.6887873376893
35.770151905718606    37.93118142170412    25.68101948261353
35.77445096966264    37.92963687654664    25.674962880746566
35.75966699930081    37.9311828042012    25.674317019136286
35.76113648728226    37.923991709918866    25.682121895682428
35.75992943617364    37.92689169778353    25.67355888751438
35.768304988099075    37.92500950758516    25.673515911785106
35.761930679347586    37.931107852975984    25.67888654935805
35.77169795075948    37.92794280560134    25.686121056009146
35.75808219229979    37.938107003034325    25.687189285647317
35.765701969662686    37.927608389965485    25.682466854375456
35.75747957106282    37.92816919790014    25.676946713418726
35.75834667678049    37.927418509918844    25.682159477246046
35.75612058926585    37.927228561960796    25.682465777829407
35.75928674492504    37.92960084014051    25.671653172228464
35.753100399767696    37.92045349054887    25.674127645740807
35.756424545391816    37.92632559136574    25.67309772648754
35.759061482848225    37.921583843874544    25.67652507094498
35.76913311201967    37.930692541424015    25.67671788121335
35.759025509919326    37.92640054235757    25.6788489164525
35.76702053932425    37.9262486996505    25.675688086814304
35.76075939323324    37.93648965927711    25.681019785530697
35.75310137409673    37.930052582731065    25.681665127420974
35.77373679836735    37.9279791820309    25.68315227374541
35.76404111458675    37.9306543824976    25.68227800373372
35.75902383360652    37.92843429941708    25.671499062076794
35.75185787071285    37.92090556406123    25.679267081213265
35.757855401867964    37.92598564060721    25.67523074982473
35.76068447164633    37.93366669148246    25.684142788097745
35.75566835426002    37.92677657876365    25.689927956592545
35.75970359510023    37.92786948774854    25.688065153091912
35.75046301190302    37.93137198389784    25.687150845740618
35.76151467654705    37.92493358226425    25.678391942123486
35.76653038996601    37.92015296406116    25.677896000699857
35.76170325881071    37.92651440420122    25.669899645507364
35.75962839206634    37.91883721120248    25.689168097549306
35.76932104900925    37.91921216079397    25.67161376616079
35.7707533682625    37.9250467288219    25.689319898949552
35.76924675822739    37.930769157526825    25.687837428471152
35.76886817643029    37.93166907748012    25.679229516919236
35.77117051715384    37.93238614445796    25.684598313418665
35.76924563057288    37.92997639813354    25.68231356639408
35.76049583617378    37.92918644084068    25.675270874445605
35.76735752462176    37.933929599533755    25.686731070478235
35.76520991948762    37.92180905460957    25.68166574655758
35.76332351668718    37.937014705951455    25.67519256616085
35.774489627538905    37.93223585390951    25.680486683080247
35.755818568962475    37.92839749848365    25.683532540023116
35.76426771505352    37.930240627305125    25.676411557759423
35.770037132323004    37.921205023337784    25.67009227281191
35.76796282403826    37.938749109452054    25.690463357525985
35.77286847771412    37.93663913185574    25.687377881913502
35.76811337106284    37.93125687677994    25.685816241773512
35.76834093372334    37.932160168495294    25.69541282193668
35.77482660653537    37.93381869334944    25.687989560559867
35.77048985320985    37.93377862543797    25.68056249288196
35.770076816803844    37.93057925530979    25.68391284387387
35.76015699229986    37.93099421353611    25.686159565927433
35.77143397059593    37.924180041073996    25.680525911551687
35.76426868518179    37.9266250973167    25.66891044317363
35.76600194375832    37.92866041283609    25.679836668844647
35.76920965577698    37.92470550851858    25.684255118086146
35.77535859299982    37.92557260723507    25.689166281446653
35.756950920187656    37.930390014002796    25.68006526464388
35.769095119720916    37.92779470618476    25.67816397176168
35.76720911015275    37.93810885367616    25.678694208401147
35.774490663711624    37.9310705299889    25.684066873045353
35.77275444784225    37.93347901867021    25.67835349194846
35.772225815403516    37.934194842007535    25.674811482146804
35.76185515939414    37.935736739790464    25.682236515285723
35.76728599533349    37.93359044924196    25.679458717152674
35.76995926464526    37.93641389451631    25.67972339696594
35.77260604457511    37.93283781073562    25.68277201306864
35.769925048075784    37.91992669731675    25.680068263477008
35.76396537269651    37.93005295122575    25.683761467210935
35.76724778483184    37.93186043453967    25.68242678833126
35.776828666978794    37.932348645741435    25.67991421890279
35.77139723360665    37.93061475075897    25.677820077946063
35.768682029172474    37.92545876826186    25.691947365694084
35.776110089849325    37.92986339743346    25.689549852275118
35.764832397900626    37.93084358226427    25.694383536522498
35.77686885787734    37.93679074025716    25.679307741423386
