37.89892559263886    37.97678411062887    26.71780408684988
37.90455906637754    37.97461681513666    26.710525343466966
37.90089140818881    37.97895294747749    26.707728283086432
37.902559979322035    37.96968105686541    26.706479349256846
37.89558718424349    37.975149329404715    26.706279461953304
37.90035709077777    37.97758499503749    26.71629000475719
37.893589398056484    37.98155233519452    26.70931162283003
37.890184418114416    37.97184918755196    26.708603434037645
37.89185317969435    37.9768177342848    26.712478515716647
37.893919575475906    37.980621545905855    26.71099678205253
37.90342758436753    37.97374934367263    26.709478495658832
37.88784969747757    37.97334908746915    26.708737817412338
37.89445549110864    37.97675067783317    26.7136251102163
37.89402153515335    37.979151362076244    26.705636425146
37.89198629280435    37.985689758478195    26.71079456968697
37.895323733457666    37.98628833023184    26.710018622002952
37.89178748014926    37.975050875310465    26.708905836849794
37.89555314288691    37.9753840858148    26.69919733643629
37.89181971856927    37.97291473263049    26.713792998140207
37.88031145492174    37.97665022415246    26.712917600290773
37.89649157588944    37.976818334574226    26.71564758416179
37.89348941377212    37.98028593589767    26.708064072168398
37.88945094933862    37.97595042328387    26.709984541771355
37.895620545285546    37.979154064309554    26.705537147850702
37.889318565757165    37.975115793424614    26.70358097952977
37.8924506681143    37.98475545285384    26.705769567825886
37.890019068858784    37.97661741749406    26.7094785978094
37.89572386331703    37.97238206906557    26.70631061579943
37.88178184739491    37.97385033705558    26.712783016337106
37.88892047249829    37.972647311828254    26.71814183312783
37.894321918941586    37.97818488937157    26.707626007858945
37.89131897849494    37.98412132320117    26.708737607734943
37.894886974359316    37.977151307485805    26.707659116212998
37.89305295016568    37.98268912448316    26.707894470844966
37.89305466397874    37.9803863198927    26.71676093010885
37.90108942390429    37.98665732795738    26.71420040405417
37.89168784119132    37.97255021009125    26.714806278744106
37.88931536373068    37.978417279776885    26.713525037222144
37.90232628060411    37.97134831224179    26.71746700413699
37.8880832760548    37.9703486848638    26.70860240053891
37.90089383023196    37.98285406575697    26.70128805314432
37.90275995430143    37.97545182237402    26.715143083748245
37.90162682857762    37.98689088234094    26.711468221051692
37.9006918184453    37.977417641852945    26.706749679488446
37.89825457278771    37.977219105459326    26.708300631928484
37.89502044210114    37.978851959264084    26.709749811622498
37.90469438978532    37.97948663130709    26.70813119727171
37.89712264660909    37.97868389619537    26.70658294830563
37.90269224131528    37.98265513440886    26.711907746279223
37.89798917783327    37.98969346360642    26.711940552937577
