36.67309257047148    37.94096167468076    26.958470158432075
36.67030586792947    37.94014633045299    26.960811133795413
36.670076541381874    37.93852921746233    26.961616870724942
36.6695664627269    37.9380678424445    26.962425303856424
36.66805923269224    37.938428527906304    26.96207142618529
36.6671998744075    37.93820839153261    26.96170082623932
36.66655513049285    37.93797872911126    26.961638049989737
36.665869475214656    37.93829860210461    26.96217927916129
36.66503728088267    37.938340144984835    26.96254701736943
36.664364904756134    37.9383500785305    26.962420157125894
36.663763250934025    37.93829544659742    26.962714505282353
36.66281552637841    37.93786576651452    26.962628535073925
36.66229760884665    37.93799256343307    26.962872607692255
36.661724389972534    37.9380547461003    26.962864389723787
36.66143044236125    37.938073816697965    26.962557358425066
36.66157202251442    37.937909506108156    26.9625015863462
36.66131818946623    37.93801611235341    26.962438998455962
36.66130682319352    37.93802442550795    26.962233335607607
36.661327397891455    37.93791797821361    26.96229856894404
36.661534219522764    37.937857518753454    26.962263482480644
36.661991883508136    37.937885634528335    26.962236633240497
36.6622477433031    37.93793245552298    26.962151380059677
36.662478424778655    37.93779572780548    26.96216784746482
36.66273844884683    37.93785236903577    26.962220819432574
36.66292003344151    37.93770580784863    26.96215990559933
