36.44754475586784    38.13368040358952    26.09686336378237
36.44293754671001    38.14039461435819    26.099076417164795
36.44223061827    38.13223255706409    26.0939736405887
36.44472009411006    38.12399362862419    26.10054097906078
36.44315714795253    38.13237943373223    26.10290564496058
36.44226774367288    38.12462489507606    26.088643564196527
36.437732572480925    38.12495804555923    26.09674874344182
36.441562721583495    38.12926302277968    26.09078596088307
36.436319366314144    38.13234330050632    26.093558252415654
36.45240995881306    38.12525605292239    26.099601969626818
36.43449849977038    38.12135921767149    26.103131578462595
36.43772970432631    38.13401219811336    26.082037654164335
36.43576278209886    38.11935479360344    26.087671378968835
36.43524414887296    38.12276820271534    26.08800797031705
36.43754842590926    38.12893007386116    26.083316195121593
36.43996151725774    38.124921859411046    26.093936065347147
36.439034299586076    38.127296532903955    26.09900347814037
36.44932879544454    38.134643718361716    26.100202165669206
36.43420290612099    38.12814926921318    26.093560991025836
36.44360387298721    38.12807613506689    26.10080666750997
36.43802903773622    38.133826459733164    26.091609835710592
36.44066842153735    38.13115593534285    26.095960617348876
36.440224259549424    38.1282980991717    26.097275034514034
36.439069929820924    38.12020920133464    26.10279125103493
36.43579963460707    38.127445060975745    26.091759331108683
36.44163708352549    38.124214651633814    26.094537790381604
36.4333823538892    38.126887447308036    26.090672105843986
36.44382793971516    38.12250877726661    26.094460677404115
36.43271500460236    38.126739077542624    26.09667683824175
36.429446657846675    38.12069163414642    26.09348353428404
36.444906321445444    38.12996847768072    26.09588834146303
36.43368068706898    38.1297065609758    26.097616393694928
36.44654150667315    38.124625604463944    26.090597688678912
36.44237901081485    38.1282242369997    26.099001430740486
36.44520395191043    38.12050537045579    26.09971419167019
36.43881108398573    38.12466408766705    26.098178484352974
36.444830207317544    38.13390244270606    26.096300460192936
36.44297391509462    38.119466618499864    26.101628165899385
36.43784518085632    38.117537014956355    26.09979178785053
36.44839947284906    38.11943138196044    26.092358589967443
36.440595517257634    38.1312300803038    26.098174329958304
36.446464877588966    38.12325207248057    26.112510993786973
36.44702569926417    38.13972752116901    26.0969382333175
36.43728535043767    38.12544029682476    26.097089287160202
36.4498866099867    38.12314038104021    26.0925504493783
36.44579777979782    38.12592379521407    26.09644896640549
36.44932678301925    38.12751989047418    26.098100501840367
36.43992514450109    38.12358685158781    26.106358114587785
36.44992229406388    38.12751796111377    26.091273465024994
36.447656385642276    38.13538716405897    26.0933716813158
36.446318810400726    38.134050061435886    26.111948565347006
36.44059323032708    38.1210988281179    26.10331953060248
36.449997657156274    38.13145196824686    26.095926270593257
36.444311236999916    38.13787277956749    26.10271774344181
36.43832712885442    38.12770392153727    26.094950394845505
36.43669151518684    38.13093304809043    26.102529227795273
36.442115978831595    38.117610768983084    26.103430127703312
36.44286125425713    38.12596073216768    26.10388112494206
36.44776819834364    38.13282623953076    26.099940586515853
36.44624328808143    38.12744515577558    26.097088138287685
36.444755903129696    38.13282691233335    26.105234903819074
36.4441250260013    38.13761289300524    26.10031675931859
36.43434869765348    38.133307378278964    26.106320773814584
36.45189262931477    38.12911445996325    26.092547054992735
36.449735406120915    38.133677865163385    26.102906776115578
36.44263657846344    38.12722276138983    26.099453210768132
36.45378683433066    38.13505383271981    26.09303335664944
36.44773084744632    38.13660956028547    26.108159364932842
36.44330637137635    38.12907787206645    26.10275499010547
36.443381645881665    38.1380212924529    26.099301338241727
36.45330633824252    38.13891147699042    26.109473759548575
36.44646516728069    38.126739573400876    26.097952560054893
36.45364166428927    38.1273332158309    26.096599534744215
36.44464526046988    38.135831319144195    26.106695213069173
36.44750631799394    38.13215618936963    26.102457547629623
36.451966596640816    38.13293629613442    26.087708900367804
36.448734158997034    38.12993166843102    26.094197422687138
36.453082656235914    38.12815057892329    26.09896456488696
36.4469126895999    38.13171269926383    26.095060128853685
36.44706209894191    38.13590601794767    26.10020384307369
36.449551532673986    38.12800276323069    26.098515162908033
36.45211567234281    38.13290012747376    26.101478729866074
36.4485484744595    38.12547836424309    26.104256624942096
36.446316853658814    38.12276825816855    26.103282984583075
36.451075802347354    38.1379455055225    26.09727385411826
36.441933664749605    38.12952331316164    26.089770410952184
36.446950347216095    38.121249472158375    26.092887840312414
36.43910857087019    38.13438512149112    26.092959085365504
36.44951336493373    38.1300043879429    26.104780853888187
36.443270628854435    38.13356725609766    26.10410553612482
36.43977753106342    38.127222328347976    26.098851867233844
36.44914311527891    38.12210197768075    26.111388203405106
36.45612841325393    38.12633204716997    26.0960748113204
36.44917966520975    38.12581291118291    26.099565175563335
36.444420204556366    38.12981775586747    26.102042218591432
36.44658112954483    38.131860936953636    26.08932103589463
36.44390037965989    38.12840930349757    26.104855945696894
36.446985638978774    38.12544018775894    26.097389321444552
36.443232437644085    38.13512784997711    26.09682541739487
36.44932715140397    38.13004257961347    26.10324502692088
