37.39047003108472    38.69321664007293    27.065105029272218
37.39218171236694    38.68748554200591    27.055206378517852
37.38798516742014    38.69049350369847    27.06461843996668
37.38865677511304    38.69278061308093    27.06056506679368
37.3860439265348    38.69195051438542    27.064592636061224
37.38580270560924    38.69108840127029    27.062941188984535
37.38719204856862    38.69009523660763    27.058235760688202
37.38581601760852    38.69115842735873    27.063996772710574
37.38621584756289    38.69102551434617    27.064323518939005
37.38530835066681    38.69612365413866    27.063350494579534
37.38793985164883    38.69360317126879    27.059745529743765
37.390855630055256    38.698100494151504    27.06037298907904
37.38715996684629    38.69177886480978    27.063267626906832
37.39306264400351    38.691171205215184    27.065949598697006
37.39405230560149    38.692032660385735    27.060827831448876
37.398631040239266    38.690411475960055    27.060578238450372
37.39921363005533    38.69655534948684    27.063530184780564
37.396441899699994    38.693495790670255    27.069734183759262
37.39746383341875    38.68878390724285    27.06009834300015
37.4020544402079    38.69459754786021    27.059784553671104
37.399182079528764    38.69358436626326    27.064983175508345
37.40060245329123    38.69390163362954    27.064285430144402
37.39490901690125    38.69542108931073    27.06200600620899
37.39639209288717    38.69241239290177    27.067191321744282
37.39554280147621    38.68835989345158    27.06200593772731
