33.338116377060565    37.89738719742968    25.45568968029023
33.34005643902502    37.883563246210095    25.458435893210446
33.349721341464125    37.90828394199126    25.460101904416774
33.33776002241324    37.90169152999386    25.465479368160967
33.33179808899202    37.90828350230767    25.461985686552634
33.33827912425898    37.90190763546528    25.46601802274245
33.33755130290107    37.90084329663856    25.458381100197993
33.331195434740245    37.89244054845133    25.455042978576287
33.34000794067298    37.90227700395572    25.466288059327837
33.338347202373754    37.89983190210991    25.45580038925534
33.333588799934695    37.8942476499675    25.467630352010747
33.33941602999405    37.893985323995224    25.458596295319904
33.33797819446332    37.89600492221539    25.46402621357965
33.33864111898531    37.90690418721204    25.458381149637617
33.32929558338893    37.88850755009939    25.454237102834743
33.337066000000675    37.90631994100238    25.47473356163494
33.332301078444914    37.91014537046846    25.460421288068748
33.33433915754838    37.89323807943365    25.46295223764025
33.325155677653854    37.893398989782995    25.464456390244095
33.3337783516815    37.90249085464785    25.456282716875553
33.34567613282861    37.89419511898534    25.458328467370034
33.35278066315169    37.89951372709343    25.46144672874108
33.33707499670471    37.89632442023786    25.463487562623786
33.34171072050169    37.89977874357328    25.453051486816275
33.34090133750893    37.8824993289392    25.461984621621877
33.32686159228794    37.89387313315803    25.458756993737833
33.33173994363943    37.89988503526746    25.46069265128555
33.33552698286156    37.88898461206375    25.45633584344119
33.34424712590701    37.891272619974124    25.457034791035085
33.33018446077847    37.905468701714454    25.46015926301934
33.329148611734325    37.891961131180416    25.463814254449687
33.33575496835931    37.894354378708485    25.465586614041055
33.33962232663209    37.905733135465226    25.449774926499874
33.33679889255172    37.89451659327668    25.44837573533312
33.32991168622332    37.88770874126614    25.46650079828623
33.33307569215611    37.90339310184627    25.460695058668694
33.328892954186486    37.88776310151667    25.461609294990225
33.33642963282853    37.887018044166666    25.460636512195286
33.32830924653983    37.88755038661878    25.46101815524077
33.333470250494926    37.89435572577502    25.460210565919727
33.341618197429796    37.90227797099592    25.45994015359283
33.333202055043536    37.900789003626045    25.455260709624508
33.3448894815432    37.89520827060035    25.459830067238183
33.33465793869547    37.89908765853715    25.43605666578797
33.34598172083116    37.902597059657715    25.464028663480807
33.342622264008504    37.90062777916987    25.461607113381902
33.33509475807569    37.90365734311192    25.451710809492607
33.34459836585425    37.89754802274275    25.456819681938214
33.33238623797029    37.902651346407936    25.456334963414818
33.337087820040175    37.90243572775252    25.472205334212443
33.33519985332956    37.905999516809985    25.462360557350166
33.35139613151018    37.896746978906215    25.46079986321713
33.3440115949248    37.901108261042076    25.469245807185416
33.34225538365252    37.89616197066624    25.4546675646013
33.341436942650596    37.894304918919445    25.45784245945968
33.334866189519424    37.89978113810199    25.466446314766166
33.33643534146407    37.901001208635925    25.452353764667336
33.34691421720563    37.90366034475991    25.464835086354803
33.343386108438345    37.90249063348761    25.45929528246552
33.34841142353391    37.9048814330921    25.462412565260472
33.33240115655958    37.900681536585815    25.466767571193355
33.33925893638827    37.898077960119174    25.450096130850564
33.339106766974986    37.90748799901172    25.464941333553238
33.3408679640745    37.91259289716593    25.459510572511732
33.339371162822054    37.91035890112108    25.464995990112364
33.34517004317801    37.896110083059185    25.466719194133354
33.342837581081646    37.897226291694594    25.48021643968375
33.340335763678944    37.89339836651339    25.471129722808378
33.33275195748249    37.91498366611784    25.461446110745126
33.33740568029066    37.89494016117386    25.45488583091654
33.346610105801524    37.90142646572229    25.459780037903915
33.33884650362619    37.88946487475328    25.464674628213665
33.35308651648047    37.89972624258456    25.46553443243257
33.33408445286806    37.90924410349423    25.479252241265783
33.34045403164205    37.90466800857004    25.462469683915824
33.34027432893927    37.89137683454224    25.463651882663306
33.33761821226164    37.89180572610464    25.464563837508436
33.33867934212322    37.892707734015005    25.462575939683763
33.34024950065987    37.91700348121338    25.47344037574174
33.336098781147534    37.91131754449626    25.448536168754305
33.34246138892618    37.90371053922258    25.454184878378555
33.343234644364436    37.90419310052786    25.46219882827972
33.339266454186614    37.902755827950315    25.462896631509707
33.338619194793075    37.904298968359086    25.466557495056307
33.34065489189252    37.901426248187725    25.46483587112734
33.34027590474683    37.901745747198916    25.461231128213768
33.33876253724515    37.90360781905119    25.47682673104832
33.33208066743634    37.90366092485225    25.453861702373263
33.34807333223533    37.912060501978104    25.462199268622527
33.340759721490336    37.89281405141778    25.475000125576994
33.345802853659066    37.90610510646065    25.461876592946812
33.34283726763412    37.90121248352061    25.453645551746966
33.350251328939336    37.90153269512249    25.471075449901292
33.342790923204376    37.904189909361044    25.462091323994873
33.33482339584767    37.89924731839206    25.47048687112739
33.34408454449635    37.90147926104196    25.45956374719858
33.33808770072568    37.897865578115194    25.45644300329613
33.34570551977643    37.89924791199782    25.46090609789068
33.34586821687607    37.90812517633534    25.465750053395002
33.340067973962455    37.90658584541913    25.469031024390485
