33.338116377060565
33.33908640804276
33.342631385850645
33.34141354499114
33.33949045379106
33.339288565535696
33.339040385159535
33.33805976635736
33.33827623017035
33.33828332739077
33.33785655216827
33.33798650865425
33.33798586910162
33.338032672665335
33.337450200047265
33.33742618754457
33.3371247105392
33.336969957595606
33.336348153388506
33.336219663303524
33.33666997137637
33.33740227554924
33.33738804603549
33.33756815747286
33.3377014846755
33.33728456573859
33.33707920936566
33.33702377270589
33.337272853851914
33.33703657408376
33.336782123686234
33.33675002508317
33.33683706452499
33.33683594182076
33.336638105947316
33.33653915000946
33.33633249606906
33.33633505230034
33.33612926240982
33.33606278711262
33.33619828492599
33.3361269461183
33.336330726009585
33.33629270811378
33.33650801950533
33.336640937861894
33.33660804041734
33.33677450552835
33.33668494904547
33.33669300646338
33.336663728948956
33.33694704438095
33.33708033778551
33.337176171966206
33.33725364052227
33.337211007466735
33.33719739928925
33.33736493063075
33.33746698449006
33.33764939180563
33.33756335516052
33.337590703243094
33.33761476774511
33.337665598936134
33.337691838379016
33.33780514451072
33.337880255502874
33.33791636591564
33.33784151941508
33.3378352931404
33.33795888204966
33.33797121012569
33.33817826911544
33.33812294727287
33.338154028396374
33.33818192708637
33.33817460611332
33.338181077086446
33.33820725966203
33.33818090367932
33.338233749174954
33.33829473570044
33.33830644315085
33.33831016638384
33.338337751389005
33.33836028805509
33.33836491160827
33.33829349974194
33.338403385499454
33.33842956700954
33.3385105921367
33.338557621217525
33.33868336000954
33.338727057489514
33.338685966313506
33.338742201502036
33.33873545407065
33.33880657718928
33.33887790688232
33.338889807552306