36.42829104755516
36.43210680646376
36.436077165864006
36.4436948996101
36.4487099272941
36.45923373849688
36.46834633565511
36.47700930771614
36.485778957451764
36.49384796992155
36.500514200534745
36.50837744899829
36.51491482661139
36.522144803133365
36.52897640249214
36.53436891857099
36.540419195963295
36.54723416743137
36.55471369025939
36.56429386362722
36.57250427270554
36.5800070367705
36.587373562294076
36.59420649360713
36.601878358259036
36.60931067687296
36.61624939107421
36.62258890972157
36.62935614070031
36.63528383199998
36.641100331780194
36.64768828358131
36.65405354039159
36.65901340867582
36.66406386924732
36.66929823880043
36.67434715248105
36.679729400867785
36.685311898226736
36.69052996827953
36.69675677188471
36.70280195903696
36.709819738870785
36.716655906923364
36.72395188311396
36.73091525986536
36.73716694331798
36.74336277653425
36.74937883830541
36.755221987116926