36.75885588994568    37.08351077626812    25.929359928140332
36.75922013979487    37.0849494074578    25.92574147267545
36.75900450875612    37.07985530389495    25.922809515549858
36.762780087107586    37.08146368432975    25.91559560884681
36.75748945153996    37.084069618659406    25.916776185688605
36.75948930404592    37.08019552521137    25.915989623943602
36.74949628547717    37.083633189009696    25.919879183575173
36.75178518372602    37.0860921785931    25.918353160326344
36.757468495169185    37.0814393585447    25.923993166968756
36.74954363888896    37.07583442059181    25.923279457427878
36.76241537454722    37.0795882225242    25.926725648098145
36.75744228442036    37.085728660326154    25.922983798460418
36.75383448309187    37.08723877143718    25.91628501947496
36.75593190262699    37.08538558756045    25.918254103714048
36.75366274154606    37.08538797403381    25.923548697162083
36.754005261322625    37.08726539447463    25.917416709239426
36.7510566351148    37.08080686564008    25.929410085598114
36.753100898399914    37.07936943417879    25.919142173460408
36.76329488224651    37.087653551328536    25.926061640549698
36.7535437447162    37.08675275543481    25.92295730691449
36.75883381083937    37.08355872222221    25.920150977204447
36.75349321769332    37.08061075060395    25.925224439160914
36.749591822011034    37.076663553593036    25.91672627883483
36.75897860175134    37.08216956733093    25.918056449275596
36.74915393719816    37.082658599788694    25.92608482019952
36.75788247780804    37.08385333121988    25.917957804650083
36.7556138336354    37.07897764870168    25.92298086971641
36.758053473731934    37.078759074577206    25.91655614432396
36.761877993357615    37.075617198369635    25.911949248188673
36.74630240353277    37.08336474849037    25.918107506944786
36.752542742300726    37.07905088073666    25.920321197464045
36.74888607336968    37.07927085733706    25.92411682261502
36.74781265791079    37.07746837862323    25.919953126207933
36.751957334541174    37.080268544082216    25.924263963315532
36.74963956023563    37.07081426554955    25.92335099864151
36.75176017240351    37.08044099547106    25.916997493508838
36.75980626977666    37.07771029544083    25.919140889643973
36.756980489885336    37.08246254619569    25.91759055585778
36.75588129242159    37.07824656642512    25.915791423309514
36.75831845772955    37.08175665126815    25.924510502415714
36.752349196558036    37.07949055993359    25.91694926373823
36.75775858242758    37.08175615051332    25.924016032307005
36.752420045591855    37.083485054649806    25.924532642663365
36.75771175543481    37.0882371102054    25.925320769474872
36.75176339613541    37.088189379679946    25.920915029287638
36.75793146361739    37.07785625754833    25.92054566440239
36.75719558212559    37.08287792647949    25.920446747584837
36.75809925981291    37.07795595969203    25.926974158061768
36.75378578668487    37.0858262255435    25.929533025211644
36.75529647207139    37.086361825936    25.92682354604495
